NaN:
[ 2067,  3462,  4121,  5815,  9578, 12248, 17593, 22266, 25031,
29711, 30223, 30486, 31037, 34800, 36293, 39183, 39312, 43256,
45075, 45172, 45538, 47829, 48289, 48609, 49069, 50119, 50495,
51418, 51715, 55885, 56543, 58463, 58517, 58576, 59008, 59240,
61136, 62014, 63285, 63287, 64722, 64751, 64881, 64987, 65014,
65250, 65436, 65943, 66033, 66475, 67029, 68175, 68253, 69186,
71075, 71078, 71944, 72506, 74628, 74653, 75155, 75186, 77412,
77463, 78455, 79233, 79286, 79553, 79954, 81182, 82382, 83341,
83353, 83410]
Max error: 81314
